((("e" .
   [1])
  ("f" .
   [1])
  ("ENABLE_MP4_RECORDING" .
   [1 0 0 0 0 0 0 0 0 0 0 0 0 0 0 0 0 0 0 0])
  ("name" .
   [1 0 0 0])
  ("desc" .
   [0 0 1 0])
  ("demuxer" .
   [1 0 0 0 0 0 0])
  ("LOGE" .
   [1 0 0 0])
  ("d" .
   [1])
  ("make" .
   [1 0 0 0])
  ("static" .
   [3 0 0 0 0 0])
  ("in" .
   [1 0])
  ("int" .
   [2 0 0])
  ("i" .
   [2])
  ("320" .
   [1 0 0])
  ("st" .
   [1 0])
  ("ts" .
   [4 0])
  ("index" .
   [1 0 0 0 0])
  ("160" .
   [1 0 0])
  ("TRUE" .
   [1 0 1 0])
  ("bool_t" .
   [0 0 0 1 1 0])
  ("if" .
   [6 0])
  ("FALSE" .
   [0 0 2 1 0])
  ("else" .
   [3 0 0 0])
  ("ms_message" .
   [0 0 0 0 0 2 0 0 0 0])
  ("T" .
   [2])
  ("g_video_started" .
   [1 0 0 0 0 0 0 0 0 0 0 0 0 0 0])
  ("extern" .
   [1 0 0 0 0 0])))
